week/I:multiplicity/I:angle/D
34 2 0.5498533
34 1 0.5258993
35 1 0.5258993
35 2 0.5498533
36 1 0.5258993
36 1 0.5258993
37 2 0.5543371
37 1 0.5322170
38 2 0.5520727
38 1 0.5300636
39 2 0.5513082
39 1 0.5270633
40 2 0.5466648
40 1 0.5258890
41 2 0.5587384
41 1 0.5343647
42 2 0.5484858
42 1 0.5299554
43 2 0.5541648
43 1 0.5294343
44 2 0.5547726
44 1 0.5325053
45 2 0.5478605
45 1 0.5186452
46 2 0.5368789
46 1 0.5198603
47 2 0.5390977
47 1 0.5235095
48 2 0.5423471
48 1 0.5212462
49 2 0.5363269
49 1 0.5166749
50 2 0.5451871
50 1 0.5251145
51 2 0.3742745
53 2 0.5547546
53 1 0.5328810
54 2 0.5491752
54 1 0.5287742
55 2 0.5517042
55 1 0.5270900
56 2 0.5506106
56 1 0.5259305
57 2 0.5595079
57 1 0.5414050
58 2 0.5485416
58 1 0.5354564
59 2 0.5461704
59 1 0.5294868
60 2 0.5476459
60 1 0.5261822
61 2 0.5451795
61 1 0.5322153
62 2 0.5503205
62 1 0.5282086
63 2 0.5414355
63 1 0.5223294
64 2 0.5392936
64 1 0.5142167
65 2 0.5405309
65 1 0.5291120
66 2 0.5370222
66 1 0.5251983
67 2 0.5325670
67 1 0.5095468
68 2 0.5384957
68 1 0.5128569
69 2 0.5412385
69 1 0.5204033
70 2 0.5393955
70 1 0.5222211
71 2 0.5341769
71 1 0.5169740
72 2 0.5392156
72 1 0.5125029
73 2 0.5356866
73 1 0.5243725
74 2 0.5427643
74 1 0.5188490
75 2 0.5452119
75 1 0.5075503
77 2 0.5366145
77 1 0.5252658
78 2 0.5367277
78 1 0.5226930
79 2 0.5361106
79 1 0.5266433
80 2 0.5400310
80 1 0.5192415
81 2 0.5463775
81 1 0.5256510
82 2 0.5384116
82 1 0.5216017
83 2 0.5394598
83 1 0.5224756
84 2 0.5403767
84 1 0.5299768
85 2 0.5431081
85 1 0.5245009
86 2 0.5424397
86 1 0.5218168
87 2 0.5433359
87 1 0.5276468
88 2 0.5433202
88 1 0.5234360
89 2 0.5532077
89 1 0.5266246
90 2 0.5396846
90 1 0.5188161
91 2 0.5636097
91 1 0.5402336
92 2 0.5565155
92 1 0.5421773
93 2 0.5638593
93 1 0.5433661
94 2 0.5643385
94 1 0.5397572
95 2 0.5644315
95 1 0.5301847
96 2 0.5589665
96 1 0.5340118
97 2 0.5608199
97 1 0.5415782
98 2 0.5630317
98 1 0.5461483
99 2 0.5610467
99 1 0.5353984
100 2 0.5599880
100 1 0.5405519
101 2 0.5738064
101 1 0.5359320
102 2 0.5670201
102 1 0.5464324
103 2 0.5456498
103 1 0.5261946
104 2 0.5447871
104 1 0.5239536
105 2 0.5411904
105 1 0.5334386
106 2 0.5424743
106 1 0.5163642
107 2 0.5460839
107 1 0.5271422
108 2 0.5439386
108 1 0.5145581
109 2 0.5508376
109 1 0.5219553
110 2 0.5459688
110 1 0.5281233
111 2 0.5475286
111 1 0.5311837
112 2 0.5525410
112 1 0.5355913
113 2 0.5550205
113 1 0.5349986
116 2 0.5769729
116 1 0.5459095
117 2 0.5665323
117 1 0.5422132
118 2 0.5593876
118 1 0.5412268
119 2 0.5663039
119 1 0.5465542
120 2 0.5476961
120 1 0.5284248
121 2 0.5600502
121 1 0.5391423
122 2 0.5508999
122 1 0.5330122
123 2 0.5441127
123 1 0.5204125
124 2 0.5669897
124 1 0.5394898
125 2 0.5783063
125 1 0.5682925
