week/I:multiplicity/I:p0/D:p1/D
34 2 95.23752559 0.993381806
34 1 87.35298336 0.974166084	
35 2 102.4934363 0.988733175
35 1 80.52678447 0.97499862
36 2 101.4220608 0.989813555
36 1 80.99434287 0.97583752
37 2 99.66576007 0.990591403
37 1 82.96051878 0.976013417
38 2 106.5991995 0.987979773
38 1 77.29329872 0.977274837
39 2 106.326 0.988982285
39 1 79.48345114 0.976708399
40 2 109.4112712 0.989121592
40 1 80.83942749 0.978740631
41 2 108.2354631 0.986508404
41 1 88.54426263 0.971467253
42 2 99.22657857 0.989301925
42 1 79.96909657 0.974209396
43 2 108.4745398 0.983771531
43 1 88.24657055 0.969552644
44 2 100.6625845 0.988173045
44 1 79.51003991 0.974700063
45 2 99.31205577 0.989507144
45 1 84.09563803 0.974456365
46 2 106.9430423 0.987145558
46 1 84.93442934 0.974405557
47 2 104.1012712 0.989396906
47 1 81.32080665 0.977337611
48 2 100.0166016 0.991422203
48 1 74.49774681 0.979087432
49 2 119.379473 0.984827283
49 1 76.96205817 0.979706295
50 2 108.6899508 0.989364895
50 1 82.53602049 0.978312583
51 2 108.6899508 0.989364895
51 1 82.53602049 0.978312583
52 2 108.6899508 0.989364895
52 1 82.53602049 0.978312583
53 2 118.1461371 0.984939248
53 1 96.29580404 0.970959025
54 2 104.530812 0.987499672
54 1 73.76316565 0.97755461
55 2 108.8711928 0.986822526
55 1 79.38315259 0.975783077
56 2 109.8713938 0.986321398
56 1 84.38128082 0.973641108
57 2 110.554711 0.986801023
57 1 83.59169553 0.974794912
58 2 95.695302 0.993271809
58 1 75.69989141 0.97918524
59 2 88.72189118 0.994953699
59 1 84.17054484 0.973807987
60 2 89.79130188 0.995042199
60 1 83.70554628 0.974462637
61 2 100.8978933 0.990774292
61 1 76.81170479 0.977687731
62 2 99.69020804 0.991504933
62 1 80.25218278 0.976822915
63 2 75.02476131 1.002015557
63 1 78.24751061 0.978969185
64 2 89.07428854 0.996367673
64 1 76.22702806 0.980060566
65 2 85.23526837 0.998790618
65 1 92.76480655 0.974272834
66 2 90.09458886 0.996433145
66 1 74.71204619 0.980115389
67 2 82.34180304 1.002450941
67 1 89.58095122 0.977436271
68 2 84.23928133 0.99406218
68 1 79.15108975 0.974999516
69 2 73.97810911 0.997184755
69 1 78.32683725 0.973480775
70 2 78.19425556 1.000296473
70 1 84.33681754 0.974724225
71 2 82.88897782 0.996684628
71 1 82.64750443 0.97328504
72 2 81.99504751 0.996576385
72 1 76.43540273 0.976512378
73 2 88.0016102 0.995531855
73 1 97.92723233 0.970088444
74 2 84.09055939 0.999794599
74 1 78.03030943 0.979936779
75 2 84.09055939 0.999794599
75 1 78.03030943 0.979936779
76 2 84.09055939 0.999794599
76 1 78.03030943 0.979936779
77 2 83.4907124 0.998537016
77 1 84.63971681 0.975881465
78 2 83.4907124 0.998537016
78 1 84.63971681 0.975881465
79 2 83.4907124 0.998537016
79 1 84.63971681 0.975881465
80 2 81.353755 0.99949247
80 1 75.47343112 0.978619378
81 2 95.5794924 0.992855606
81 1 82.32676367 0.975756228
82 2 90.05041428 0.996323832
82 1 77.71459466 0.97909053
83 2 79.05759986 1.000481706
83 1 89.2097864 0.973799603
84 2 83.73703466 0.998382206
84 1 72.25063935 0.980488492
85 2 84.78000149 0.997221303
85 1 73.61104676 0.979181454
86 2 86.41705336 1.000254596
86 1 81.71697987 0.980317065
87 2 95.30004705 0.993403438
87 1 74.11677109 0.979137829
88 2 93.23585811 0.993929055
88 1 76.56878308 0.978286554
89 2 93.23585811 0.993929055
89 1 76.56878308 0.978286554
90 2 90.69902365 0.994937191
90 1 79.60791773 0.978423596
91 2 94.40829999 0.99352112
91 1 76.82304442 0.978094659
92 2 98.20570596 0.99166606
92 1 69.47114677 0.981517578
93 2 101.672213 0.990633094
93 1 79.61103847 0.97658064
94 2 100.930573 0.990901315
94 1 78.67972265 0.97800636
95 2 103.0911519 0.99041261
95 1 77.73880083 0.977927043
96 2 105.9908412 0.990206573
96 1 77.63727685 0.977866625
97 2 97.84002726 0.99279096
97 1 85.28640275 0.975686881
98 2 108.3915985 0.987861617
98 1 95.812366 0.971000138
99 2 96.57863029 0.994463161
99 1 70.95948784 0.981976444
100 2 94.49983502 0.996786838
100 1 78.90276908 0.98171655
101 2 97.93575466 0.986699644
101 1 76.08709015 0.973460211
102 2 100.7427091 0.985606371
102 1 87.39958578 0.968567564
103 2 97.67355094 0.995999373
103 1 93.10438556 0.975880169
104 2 99.98335047 0.988719407
104 1 76.70750693 0.97530548
105 2 97.22793206 0.987919029
105 1 78.46888692 0.972946844
106 2 96.48679587 0.986465726
106 1 75.62102502 0.972078436
107 2 86.43661523 0.991523341
107 1 72.34381326 0.974957852
108 2 83.10556975 0.993953859
108 1 83.61444326 0.972119437
109 2 99.2926797  0.98773528
109 1 81.52644123 0.973835305
110 2 84.49828766 0.994020373
110 1 77.1348241  0.974200206
111 2 97.54978626 0.987695211
111 1 77.41720208 0.973446195
112 2 98.50031502 0.988918932
112 1 80.16080218 0.974388571
113 2 100.9809941 0.990508798
113 1 81.16992378 0.973229754
114 2 100.9809941 0.990508798
114 1 81.16992378 0.973229754
115 2 100.9809941 0.990508798
115 1 81.16992378 0.973229754
116 2 102.1482175 0.993741286
116 1 85.83634428 0.977858936
117 2 102.6907365 0.995853426
117 1 85.38497054 0.980202673
118 2 87.8487846  0.994597113
118 1 79.55331635 0.975832424
119 2 86.02124091 0.996033417
119 1 76.6372349  0.977601477
120 2 94.54171096 0.994358604
120 1 74.77344409 0.979711034
121 2 87.24213609 0.995687676
121 1 75.25379009 0.978311178
122 2 87.65900752 0.997306023
122 1 81.71873116 0.977493815
123 2 78.84287781 0.999644067
123 1 81.49963619 0.976200045
124 2 82.17739714 0.997998451
124 1 102.3733375 0.968231167
125 2 85.6663679  0.994988096
125 1 78.35962039 0.975494783
